[0]LIT	3	0	
[1]PRT	0	0	
[2]LIT	0	2	
[3]PRT	0	0	
[4]LIT	3	1	
[5]PRT	0	0	
[6]LIT	0	9	
[7]PRT	0	0	
[8]JR	0	0	
[9]LOI	0	0	
[10]STO	1	0	
[11]LIT	3	2	
[12]PRT	0	0	
[13]LOD	1	0	
[14]PRT	0	0	
[15]LOI	0	0	
[16]STO	1	1	
[17]LIT	3	3	
[18]PRT	0	0	
[19]LOD	1	1	
[20]PRT	0	0	
[21]LOI	0	-3	
[22]STO	1	2	
[23]LIT	3	4	
[24]PRT	0	0	
[25]LOD	1	2	
[26]PRT	0	0	
[27]LOI	0	3	
[28]STO	1	0	
[29]LIT	3	5	
[30]PRT	0	0	
[31]LOD	1	0	
[32]PRT	0	0	
[33]LOI	0	1	
[34]LOI	0	2	
[35]LOI	0	3	
[36]MUL	0	0	
[37]ADD	0	0	
[38]STO	1	0	
[39]LIT	3	6	
[40]PRT	0	0	
[41]LOD	1	0	
[42]PRT	0	0	
[43]LOI	0	100	
[44]LOI	0	2	
[45]LOI	0	3	
[46]ADD	0	0	
[47]LOI	0	3	
[48]MUL	0	0	
[49]MUL	0	0	
[50]STO	1	0	
[51]LIT	3	7	
[52]PRT	0	0	
[53]LOD	1	0	
[54]PRT	0	0	
[55]LOI	0	2	
[56]LOI	0	3	
[57]LOI	0	3	
[58]ADD	0	0	
[59]LOI	0	3	
[60]DIV	0	0	
[61]MUL	0	0	
[62]STO	1	0	
[63]LIT	3	8	
[64]PRT	0	0	
[65]LOD	1	0	
[66]PRT	0	0	
[67]LOI	2	3	
[68]STO	1	3	
[69]LIT	3	9	
[70]PRT	0	0	
[71]LOD	1	3	
[72]PRT	0	0	
[73]LOI	2	4	
[74]STO	1	3	
[75]LIT	3	10	
[76]PRT	0	0	
[77]LOD	1	3	
[78]PRT	0	0	
[79]LOD	1	3	
[80]LOI	2	5	
[81]MUL	0	0	
[82]LOI	2	6	
[83]DIV	0	0	
[84]LOI	2	7	
[85]MUL	0	0	
[86]LOI	0	-1	
[87]MUL	0	0	
[88]STO	1	3	
[89]LIT	3	11	
[90]PRT	0	0	
[91]LOD	1	3	
[92]PRT	0	0	
[93]LOI	1	98	
[94]STO	1	6	
[95]LOD	1	6	
[96]LOI	0	-1	
[97]ADD	0	0	
[98]STO	1	0	
[99]LIT	3	12	
[100]PRT	0	0	
[101]LOD	1	0	
[102]PRT	0	0	
[103]LOD	1	6	
[104]LOI	2	8	
[105]MUL	0	0	
[106]STO	1	3	
[107]LIT	3	13	
[108]PRT	0	0	
[109]LOD	1	3	
[110]PRT	0	0	
[111]JR	0	0	
[112]LOI	0	0	
[113]STO	1	0	
[114]LOI	0	2	
[115]STO	0	1	
[116]LOI	0	3	
[117]STO	0	2	
[118]LIT	2	0	
[119]STO	0	3	
[120]LIT	2	1	
[121]STO	0	4	
[122]LIT	1	65	
[123]STO	0	0	
[124]LOD	1	0	
[125]LIT	0	10	
[126]LES	0	0	
[127]BRF	0	154	
[128]LOD	1	0	
[129]LOI	0	5	
[130]ADD	0	0	
[131]LOD	1	0	
[132]LOI	0	1	
[133]ADD	0	0	
[134]STA	0	0	
[135]LOD	1	0	
[136]LOI	0	15	
[137]ADD	0	0	
[138]LOD	1	0	
[139]LOI	0	10	
[140]DIV	0	0	
[141]STA	0	0	
[142]LOD	1	0	
[143]LOI	0	25	
[144]ADD	0	0	
[145]LOI	1	97	
[146]LOD	1	0	
[147]ADD	0	0	
[148]STA	0	0	
[149]LOD	1	0	
[150]LOI	0	1	
[151]ADD	0	0	
[152]STO	1	0	
[153]JMP	0	124	
[154]JR	0	0	
[155]LOI	0	0	
[156]STO	1	0	
[157]LIT	3	14	
[158]PRT	0	0	
[159]LOD	0	1	
[160]PRT	0	0	
[161]LIT	3	15	
[162]PRT	0	0	
[163]LOD	0	2	
[164]PRT	0	0	
[165]LIT	3	16	
[166]PRT	0	0	
[167]LOD	0	3	
[168]PRT	0	0	
[169]LIT	3	17	
[170]PRT	0	0	
[171]LOD	0	4	
[172]PRT	0	0	
[173]LIT	3	18	
[174]PRT	0	0	
[175]LOD	0	0	
[176]PRT	0	0	
[177]LOD	1	0	
[178]LIT	0	10	
[179]LES	0	0	
[180]BRF	0	207	
[181]LIT	3	19	
[182]PRT	0	0	
[183]LOD	1	0	
[184]LOI	0	5	
[185]ADD	0	0	
[186]LDT	0	0	
[187]PRT	0	0	
[188]LIT	3	20	
[189]PRT	0	0	
[190]LOD	1	0	
[191]LOI	0	15	
[192]ADD	0	0	
[193]LDT	0	0	
[194]PRT	0	0	
[195]LIT	3	21	
[196]PRT	0	0	
[197]LOD	1	0	
[198]LOI	0	25	
[199]ADD	0	0	
[200]LDT	0	0	
[201]PRT	0	0	
[202]LOD	1	0	
[203]LOI	0	1	
[204]ADD	0	0	
[205]STO	1	0	
[206]JMP	0	177	
[207]JR	0	0	
[208]LOD	1	0	
[209]PRT	0	0	
[210]LOD	1	0	
[211]LOI	0	1	
[212]SUB	0	0	
[213]JR	0	0	
[214]LOD	1	0	
[215]LOD	1	1	
[216]ADD	0	0	
[217]LOD	1	2	
[218]ADD	0	0	
[219]JR	0	0	
[220]LOD	1	0	
[221]LOI	0	2	
[222]ADD	0	0	
[223]JR	0	0	
[224]LOI	1	97	
[225]JR	0	0	
[226]LOI	0	1	
[227]LOI	0	1	
[228]ADD	0	0	
[229]STO	1	3	
[230]LOI	0	1	
[231]LOI	0	1	
[232]LEQ	0	0	
[233]BRF	0	254	
[234]LOI	0	0	
[235]LOI	0	1	
[236]NEQ	0	0	
[237]BRF	0	254	
[238]LOI	0	0	
[239]LOI	0	0	
[240]EQL	0	0	
[241]BRF	0	254	
[242]LOI	0	1	
[243]LOI	0	0	
[244]GRT	0	0	
[245]BRF	0	254	
[246]LOI	0	1	
[247]LOI	0	0	
[248]GEQ	0	0	
[249]BRF	0	254	
[250]LOI	0	1	
[251]LOI	0	1	
[252]MUL	0	0	
[253]STO	1	3	
[254]LOD	1	3	
[255]PRT	0	0	
[256]JR	0	0	
[257]LOD	1	0	
[258]LOI	0	0	
[259]GRT	0	0	
[260]BRF	0	274	
[261]LIT	3	22	
[262]PRT	0	0	
[263]LOD	1	0	
[264]PRT	0	0	
[265]LOD	1	0	
[266]LOI	0	1	
[267]SUB	0	0	
[268]SDS	0	0	
[269]PUF	0	51	
[270]LDS	0	0	
[271]STO	1	0	
[272]JSR	257	273	
[273]JMP	0	275	
[274]JR	0	0	
[275]JR	0	0	
[276]LOI	0	0	
[277]LOI	0	0	
[278]ADD	0	0	
[279]LOI	1	97	
[280]STA	1	0	
[281]LOI	1	98	
[282]STO	1	4	
[283]LIT	3	23	
[284]PRT	0	0	
[285]LOD	1	4	
[286]LOI	0	-1	
[287]MUL	0	0	
[288]PRT	0	0	
[289]LIT	3	24	
[290]PRT	0	0	
[291]LOD	1	4	
[292]PRT	0	0	
[293]LIT	3	25	
[294]PRT	0	0	
[295]LOI	0	0	
[296]LOI	0	0	
[297]ADD	0	0	
[298]LDT	1	0	
[299]LOD	1	4	
[300]ADD	0	0	
[301]PRT	0	0	
[302]LIT	3	26	
[303]PRT	0	0	
[304]LOI	1	97	
[305]PRT	0	0	
[306]LIT	3	27	
[307]PRT	0	0	
[308]LOI	1	97	
[309]LOI	0	-1	
[310]MUL	0	0	
[311]PRT	0	0	
[312]JR	0	0	
[313]LOI	0	0	
[314]STO	1	0	
[315]LOD	1	0	
[316]LOI	0	1	
[317]LES	0	0	
[318]BRF	0	343	
[319]LOD	1	0	
[320]LOI	0	1	
[321]ADD	0	0	
[322]STO	1	0	
[323]LOD	1	0	
[324]LOI	0	1	
[325]EQL	0	0	
[326]BRF	0	342	
[327]LOD	1	0	
[328]LOI	0	1	
[329]BNE	0	341	
[330]LOD	1	0	
[331]LOI	0	1	
[332]EQL	0	0	
[333]BRF	0	341	
[334]LOD	1	0	
[335]LOI	0	1	
[336]EQL	0	0	
[337]BRF	0	341	
[338]LOI	2	10	
[339]JR	0	0	
[340]JMP	0	334	
[341]JMP	0	342	
[342]JMP	0	315	
[343]LOI	0	1	
[344]JR	0	0	
[345]LOD	1	0	
[346]LOD	1	1	
[347]ADD	0	0	
[348]JR	0	0	
[349]LOI	0	0	
[350]LOI	0	15	
[351]ADD	0	0	
[352]LOI	2	11	
[353]STA	0	0	
[354]LOI	0	1	
[355]LOI	0	15	
[356]ADD	0	0	
[357]LOI	2	12	
[358]STA	0	0	
[359]LOI	0	2	
[360]LOI	0	15	
[361]ADD	0	0	
[362]LOI	2	13	
[363]STA	0	0	
[364]LOI	0	3	
[365]LOI	0	15	
[366]ADD	0	0	
[367]PUF	0	58	
[368]JSR	343	369	
[369]LOI	0	15	
[370]ADD	0	0	
[371]LDT	0	0	
[372]PUF	0	58	
[373]JSR	343	374	
[374]LOI	0	1	
[375]SDS	0	0	
[376]LOI	0	1	
[377]SDS	0	0	
[378]PUF	0	59	
[379]LDS	0	0	
[380]STO	1	1	
[381]LDS	0	0	
[382]STO	1	0	
[383]JSR	345	384	
[384]MUL	0	0	
[385]LOI	0	15	
[386]ADD	0	0	
[387]LDT	0	0	
[388]ADD	0	0	
[389]STA	0	0	
[390]LOI	0	3	
[391]LOI	0	15	
[392]ADD	0	0	
[393]LDT	0	0	
[394]PRT	0	0	
[395]LOI	0	3	
[396]LOI	0	15	
[397]ADD	0	0	
[398]LDT	0	0	
[399]JR	0	0	
[400]LOI	0	0	
[401]LOI	0	5	
[402]ADD	0	0	
[403]LOI	0	1	
[404]STA	0	0	
[405]LOI	0	1	
[406]LOI	0	5	
[407]ADD	0	0	
[408]LOI	0	2	
[409]STA	0	0	
[410]LOI	0	2	
[411]LOI	0	5	
[412]ADD	0	0	
[413]LOI	0	3	
[414]STA	0	0	
[415]LOI	0	3	
[416]LOI	0	5	
[417]ADD	0	0	
[418]LOI	0	4	
[419]STA	0	0	
[420]LOI	0	0	
[421]LOI	0	5	
[422]ADD	0	0	
[423]LDT	0	0	
[424]LOI	0	5	
[425]ADD	0	0	
[426]LDT	0	0	
[427]LOI	0	5	
[428]ADD	0	0	
[429]LDT	0	0	
[430]PRT	0	0	
[431]JR	0	0	
[432]LOI	0	1	
[433]STO	1	0	
[434]LIT	3	28	
[435]PRT	0	0	
[436]LIT	3	29	
[437]PRT	0	0	
[438]LOI	0	1	
[439]BRF	0	445	
[440]LOD	1	0	
[441]BRF	0	445	
[442]LOI	0	0	
[443]STO	1	0	
[444]JMP	0	440	
[445]LIT	3	30	
[446]PRT	0	0	
[447]LOI	0	1	
[448]BRF	0	449	
[449]LIT	3	31	
[450]PRT	0	0	
[451]LOI	0	1	
[452]BRF	0	455	
[453]PUF	0	63	
[454]JSR	400	455	
[455]LIT	3	32	
[456]PRT	0	0	
[457]LOI	0	1	
[458]BRF	0	461	
[459]LOI	0	2	
[460]STO	1	0	
[461]LIT	3	33	
[462]PRT	0	0	
[463]LOI	0	1	
[464]BRF	0	467	
[465]RDA	0	0	
[466]STO	1	0	
[467]LIT	3	34	
[468]PRT	0	0	
[469]LOI	0	1	
[470]BRF	0	473	
[471]LOD	1	0	
[472]PRT	0	0	
[473]LIT	3	35	
[474]PRT	0	0	
[475]LOI	0	1	
[476]BRF	0	488	
[477]LOD	1	0	
[478]LOI	0	1	
[479]BNE	0	483	
[480]LIT	3	36	
[481]PRT	0	0	
[482]JMP	0	488	
[483]LOI	0	2	
[484]BNE	0	487	
[485]LIT	3	37	
[486]PRT	0	0	
[487]JMP	0	488	
[488]LIT	3	38	
[489]PRT	0	0	
[490]LOI	0	1	
[491]BRF	0	492	
[492]LIT	3	39	
[493]PRT	0	0	
[494]LOI	0	0	
[495]BRF	0	497	
[496]JMP	0	497	
[497]LIT	3	40	
[498]PRT	0	0	
[499]LOI	0	0	
[500]BRF	0	503	
[501]JR	0	0	
[502]JMP	0	505	
[503]PUF	0	62	
[504]JSR	349	505	
[505]JR	0	0	
[506]LOI	0	1	
[507]STO	1	0	
[508]LIT	3	41	
[509]PRT	0	0	
[510]LIT	3	42	
[511]PRT	0	0	
[512]LOD	1	0	
[513]BRF	0	521	
[514]LOD	1	0	
[515]BRF	0	520	
[516]LIT	3	43	
[517]PRT	0	0	
[518]LOI	0	0	
[519]STO	1	0	
[520]JMP	0	512	
[521]LOI	0	1	
[522]STO	1	0	
[523]LIT	3	44	
[524]PRT	0	0	
[525]LOD	1	0	
[526]BRF	0	533	
[527]LOD	1	0	
[528]BRF	0	532	
[529]LOI	0	0	
[530]STO	1	0	
[531]JMP	0	527	
[532]JMP	0	525	
[533]LOI	0	1	
[534]STO	1	0	
[535]LIT	3	45	
[536]PRT	0	0	
[537]LOD	1	0	
[538]BRF	0	542	
[539]LOI	0	0	
[540]STO	1	0	
[541]JMP	0	537	
[542]LOI	0	1	
[543]STO	1	0	
[544]LIT	3	46	
[545]PRT	0	0	
[546]LOD	1	0	
[547]BRF	0	554	
[548]PUF	0	62	
[549]JSR	349	550	
[550]PRT	0	0	
[551]LOI	0	0	
[552]STO	1	0	
[553]JMP	0	546	
[554]LOI	0	1	
[555]STO	1	0	
[556]LIT	3	47	
[557]PRT	0	0	
[558]LOD	1	0	
[559]BRF	0	563	
[560]LOI	0	0	
[561]STO	1	0	
[562]JMP	0	558	
[563]LOI	0	1	
[564]STO	1	0	
[565]LIT	3	48	
[566]PRT	0	0	
[567]LOD	1	0	
[568]BRF	0	572	
[569]RDA	0	0	
[570]STO	1	0	
[571]JMP	0	567	
[572]LIT	3	49	
[573]PRT	0	0	
[574]LOD	1	0	
[575]BRF	0	579	
[576]LIT	3	50	
[577]PRT	0	0	
[578]JMP	0	574	
[579]LIT	3	51	
[580]PRT	0	0	
[581]LOD	1	0	
[582]BRF	0	584	
[583]JMP	0	581	
[584]LOI	0	1	
[585]STO	1	0	
[586]LOD	1	0	
[587]BRF	0	600	
[588]LOD	1	0	
[589]LOI	0	1	
[590]BNE	0	594	
[591]LOI	0	0	
[592]STO	1	0	
[593]JMP	0	599	
[594]LOI	0	2	
[595]BNE	0	598	
[596]LOI	0	0	
[597]STO	1	0	
[598]JMP	0	599	
[599]JMP	0	586	
[600]LOI	0	1	
[601]STO	1	0	
[602]LOD	1	0	
[603]BRF	0	606	
[604]JR	0	0	
[605]JMP	0	602	
[606]JR	0	0	
[607]LOI	0	0	
[608]STO	1	0	
[609]LOI	0	1	
[610]STO	1	1	
[611]LIT	3	52	
[612]PRT	0	0	
[613]LOD	1	0	
[614]LOI	0	12	
[615]LES	0	0	
[616]BRF	0	702	
[617]LIT	3	53	
[618]PRT	0	0	
[619]LOD	1	0	
[620]PRT	0	0	
[621]LIT	3	54	
[622]PRT	0	0	
[623]LOD	1	0	
[624]LOI	0	0	
[625]BNE	0	627	
[626]JMP	0	697	
[627]LOI	0	1	
[628]BNE	0	636	
[629]LOD	1	0	
[630]LOI	0	0	
[631]GRT	0	0	
[632]BRF	0	635	
[633]LIT	3	55	
[634]PRT	0	0	
[635]JMP	0	697	
[636]LOI	0	2	
[637]BNE	0	648	
[638]LOD	1	0	
[639]LOI	0	5	
[640]GRT	0	0	
[641]BRF	0	645	
[642]LIT	3	56	
[643]PRT	0	0	
[644]JMP	0	647	
[645]LIT	3	57	
[646]PRT	0	0	
[647]JMP	0	697	
[648]LOI	0	3	
[649]BNE	0	656	
[650]LOD	1	1	
[651]BRF	0	655	
[652]LOI	0	0	
[653]STO	1	1	
[654]JMP	0	650	
[655]JMP	0	697	
[656]LOI	0	4	
[657]BNE	0	661	
[658]PUF	0	58	
[659]JSR	343	660	
[660]JMP	0	697	
[661]LOI	0	5	
[662]BNE	0	666	
[663]PUF	0	62	
[664]JSR	349	665	
[665]JMP	0	697	
[666]LOI	0	6	
[667]BNE	0	671	
[668]LOI	0	1	
[669]STO	1	1	
[670]JMP	0	697	
[671]LOI	0	7	
[672]BNE	0	676	
[673]RDA	0	0	
[674]STO	1	1	
[675]JMP	0	697	
[676]LOI	0	8	
[677]BNE	0	681	
[678]LIT	3	58	
[679]PRT	0	0	
[680]JMP	0	697	
[681]LOI	0	9	
[682]BNE	0	684	
[683]JMP	0	697	
[684]LOI	0	10	
[685]BNE	0	693	
[686]LOD	1	0	
[687]LOI	0	10	
[688]BNE	0	691	
[689]LIT	3	59	
[690]PRT	0	0	
[691]JMP	0	692	
[692]JMP	0	697	
[693]LOI	0	11	
[694]BNE	0	696	
[695]JR	0	0	
[696]JMP	0	697	
[697]LOD	1	0	
[698]LOI	0	1	
[699]ADD	0	0	
[700]STO	1	0	
[701]JMP	0	613	
[702]JR	0	0	
[703]PUF	0	71	
[704]LOI	0	1	
[705]STO	1	0	
[706]LOD	1	0	
[707]BRF	0	872	
[708]RDA	0	0	
[709]STO	1	0	
[710]LOD	1	0	
[711]LOI	0	1	
[712]BNE	0	718	
[713]LIT	3	60	
[714]PRT	0	0	
[715]PUF	0	19	
[716]JSR	9	717	
[717]JMP	0	871	
[718]LOI	0	2	
[719]BNE	0	727	
[720]PUF	0	29	
[721]JSR	112	722	
[722]LIT	3	61	
[723]PRT	0	0	
[724]PUF	0	31	
[725]JSR	155	726	
[726]JMP	0	871	
[727]LOI	0	3	
[728]BNE	0	758	
[729]LIT	3	62	
[730]PRT	0	0	
[731]LOI	0	5	
[732]SDS	0	0	
[733]PUF	0	33	
[734]LDS	0	0	
[735]STO	1	0	
[736]JSR	208	737	
[737]SDS	0	0	
[738]PUF	0	33	
[739]LDS	0	0	
[740]STO	1	0	
[741]JSR	208	742	
[742]SDS	0	0	
[743]PUF	0	33	
[744]LDS	0	0	
[745]STO	1	0	
[746]JSR	208	747	
[747]SDS	0	0	
[748]PUF	0	33	
[749]LDS	0	0	
[750]STO	1	0	
[751]JSR	208	752	
[752]SDS	0	0	
[753]PUF	0	33	
[754]LDS	0	0	
[755]STO	1	0	
[756]JSR	208	757	
[757]JMP	0	871	
[758]LOI	0	4	
[759]BNE	0	791	
[760]LIT	3	63	
[761]PRT	0	0	
[762]LOI	0	1	
[763]SDS	0	0	
[764]PUF	0	39	
[765]LDS	0	0	
[766]STO	1	0	
[767]JSR	220	768	
[768]SDS	0	0	
[769]LOI	2	14	
[770]SDS	0	0	
[771]PUF	0	41	
[772]JSR	224	773	
[773]SDS	0	0	
[774]PUF	0	35	
[775]LDS	0	0	
[776]STO	1	2	
[777]LDS	0	0	
[778]STO	1	1	
[779]LDS	0	0	
[780]STO	1	0	
[781]JSR	214	782	
[782]LOI	0	0	
[783]SDS	0	0	
[784]PUF	0	39	
[785]LDS	0	0	
[786]STO	1	0	
[787]JSR	220	788	
[788]MUL	0	0	
[789]PRT	0	0	
[790]JMP	0	871	
[791]LOI	0	5	
[792]BNE	0	810	
[793]LIT	3	64	
[794]PRT	0	0	
[795]LOI	0	1	
[796]SDS	0	0	
[797]LOI	1	97	
[798]SDS	0	0	
[799]LOI	2	15	
[800]SDS	0	0	
[801]PUF	0	42	
[802]LDS	0	0	
[803]STO	1	2	
[804]LDS	0	0	
[805]STO	1	1	
[806]LDS	0	0	
[807]STO	1	0	
[808]JSR	226	809	
[809]JMP	0	871	
[810]LOI	0	6	
[811]BNE	0	821	
[812]LIT	3	65	
[813]PRT	0	0	
[814]LOI	0	5	
[815]SDS	0	0	
[816]PUF	0	51	
[817]LDS	0	0	
[818]STO	1	0	
[819]JSR	257	820	
[820]JMP	0	871	
[821]LOI	0	7	
[822]BNE	0	828	
[823]LIT	3	66	
[824]PRT	0	0	
[825]PUF	0	53	
[826]JSR	276	827	
[827]JMP	0	871	
[828]LOI	0	8	
[829]BNE	0	836	
[830]LIT	3	67	
[831]PRT	0	0	
[832]PUF	0	56	
[833]JSR	313	834	
[834]PRT	0	0	
[835]JMP	0	871	
[836]LOI	0	9	
[837]BNE	0	843	
[838]LIT	3	68	
[839]PRT	0	0	
[840]PUF	0	16	
[841]JSR	0	842	
[842]JMP	0	871	
[843]LOI	0	10	
[844]BNE	0	852	
[845]LIT	3	69	
[846]PRT	0	0	
[847]PUF	0	64	
[848]JSR	432	849	
[849]LIT	3	70	
[850]PRT	0	0	
[851]JMP	0	871	
[852]LOI	0	11	
[853]BNE	0	859	
[854]LIT	3	71	
[855]PRT	0	0	
[856]PUF	0	66	
[857]JSR	506	858	
[858]JMP	0	871	
[859]LOI	0	12	
[860]BNE	0	866	
[861]LIT	3	72	
[862]PRT	0	0	
[863]PUF	0	68	
[864]JSR	607	865	
[865]JMP	0	871	
[866]LOI	0	13	
[867]BNE	0	870	
[868]LOI	0	0	
[869]STO	1	0	
[870]JMP	0	871	
[871]JMP	0	706	
